0 0 1
1 0 0
2 0 1
3 0 0
4 0 1
5 0 1
6 0 1
7 0 1
8 0 1
9 0 1
10 0 1
11 0 1
12 0 1
13 0 1
14 0 0
15 0 0
16 0 1
17 0 1
18 0 0
19 0 0
20 0 1
21 0 1
22 0 1
23 0 1
24 0 1
25 0 1
26 0 0
27 0 0
28 0 0
29 0 1
30 0 0
31 0 1
32 0 1
33 0 0
34 0 0
35 0 0
36 0 0
37 0 0
38 0 1
39 0 1
40 0 1
41 0 0
42 0 0
43 0 0
44 0 1
45 0 0
46 0 0
47 0 0
48 0 1
49 0 0
50 0 1
51 0 1
52 0 0
53 0 1
54 0 1
55 0 0
56 0 1
57 0 1
58 0 0
59 0 1
60 0 0
61 0 1
62 0 0
63 0 0
64 0 1
65 0 1
66 0 1
67 0 1
68 0 1
69 0 0
70 0 1
71 0 1
72 0 0
73 0 1
74 0 1
75 0 0
76 0 0
77 0 1
78 0 1
79 0 1
80 0 0
81 0 1
82 0 0
83 0 0
84 0 1
85 0 1
86 0 1
87 0 0
88 0 1
89 0 1
90 0 0
91 0 0
92 0 0
93 0 1
94 0 0
95 0 0
96 0 0
97 0 1
98 0 1
99 0 1
100 0 0
101 0 1
102 0 1
103 0 0
104 0 0
105 0 1
106 0 0
107 0 1
108 0 0
109 0 0
110 0 1
111 0 0
112 0 0
113 0 1
114 0 0
115 0 0
116 0 0
117 0 1
118 0 0
119 0 1
120 0 0
121 0 0
122 0 0
123 0 0
124 0 0
125 0 0
126 0 1
127 0 1
128 0 1
129 0 0
130 0 1
131 0 0
132 0 1
133 0 0
134 0 1
135 0 0
136 0 0
137 0 1
138 0 0
139 0 1
140 0 1
141 0 1
142 0 0
143 0 0
144 0 0
145 0 1
146 0 0
147 0 0
148 0 1
149 0 1
150 0 0
151 0 1
152 0 0
153 0 0
154 0 1
155 0 1
156 0 1
157 0 0
158 0 0
159 0 1
160 0 1
161 0 1
162 0 0
163 0 1
164 0 0
165 0 1
166 0 0
167 0 0
168 0 1
169 0 0
170 0 1
171 0 0
172 0 1
173 0 1
174 0 0
175 0 1
176 0 1
177 0 1
178 0 1
179 0 0
180 0 1
181 0 0
182 0 0
183 0 1
184 0 0
185 0 0
186 0 1
187 0 1
188 0 1
189 0 0
190 0 1
191 0 1
192 0 1
193 0 1
194 0 0
195 0 1
196 0 1
197 0 1
198 0 0
199 0 1
200 0 1
201 0 0
202 0 1
203 0 1
204 0 0
205 0 0
206 0 1
207 0 0
208 0 0
209 0 0
210 0 0
211 0 1
212 0 1
213 0 1
214 0 1
215 0 0
216 0 0
217 0 0
218 0 0
219 0 1
220 0 1
221 0 0
222 0 0
223 0 1
224 0 1
225 0 1
226 0 1
227 0 0
228 0 0
229 0 0
230 0 0
231 0 1
232 0 1
233 0 1
234 0 0
235 0 0
236 0 0
237 0 1
238 0 1
239 0 0
240 0 1
241 0 0
242 0 0
243 0 1
244 0 1
245 0 1
246 0 0
247 0 1
248 0 1
249 0 0
250 0 1
251 0 0
252 0 1
253 0 1
254 0 1
255 0 1
256 0 0
257 0 0
258 0 1
259 0 1
260 0 1
261 0 1
262 0 0
263 0 0
264 0 0
265 0 0
266 0 1
267 0 1
268 0 1
269 0 0
270 0 0
271 0 0
272 0 1
273 0 0
274 0 0
275 0 0
276 0 0
277 0 0
278 0 1
279 0 1
280 0 1
281 0 1
282 0 1
283 0 1
284 0 1
285 0 0
286 0 1
287 0 1
288 0 0
289 0 1
290 0 1
291 0 0
292 0 0
293 0 0
294 0 1
295 0 1
296 0 1
297 0 0
298 0 1
299 0 0
300 0 0
301 0 1
302 0 1
303 0 1
304 0 1
305 0 1
306 0 1
307 0 0
308 0 0
309 0 1
310 0 0
311 0 1
312 0 1
313 0 1
314 0 1
315 0 0
316 0 0
317 0 1
318 0 1
319 0 1
320 0 0
321 0 1
322 0 1
323 0 1
324 0 0
325 0 1
326 0 1
327 0 1
328 0 1
329 0 1
330 0 0
331 0 1
332 0 1
333 0 1
334 0 1
335 0 1
336 0 0
337 0 1
338 0 1
339 0 1
340 0 1
341 0 1
342 0 1
343 0 0
344 0 1
345 0 1
346 0 1
347 0 1
348 0 1
349 0 1
350 0 1
351 0 0
352 0 1
353 0 0
354 0 0
355 0 0
356 0 1
357 0 0
358 0 0
359 0 0
360 0 1
361 0 0
362 0 1
363 0 1
364 0 0
365 0 0
366 0 1
367 0 0
368 0 1
369 0 0
370 0 0
371 0 1
372 0 0
373 0 1
374 0 1
375 0 1
376 0 1
377 0 1
378 0 1
379 0 1
380 0 0
381 0 1
382 0 0
383 0 1
384 0 1
385 0 1
386 0 0
387 0 1
388 0 0
389 0 1
390 0 1
391 0 1
392 0 0
393 0 1
394 0 1
395 0 1
396 0 0
397 0 0
398 0 1
399 0 1
400 0 1
401 0 0
402 0 1
403 0 0
404 0 0
405 0 0
406 0 1
407 0 1
408 0 1
409 0 1
410 0 1
411 0 1
412 0 0
413 0 1
414 0 0
415 0 1
416 0 0
417 0 0
418 0 0
419 0 1
420 0 1
421 0 1
422 0 1
423 0 1
424 0 1
425 0 1
426 0 0
427 0 0
428 0 1
429 0 1
430 0 1
431 0 1
432 0 1
433 0 1
