0 0 39
1 0 20
2 0 41
3 0 5
4 0 20
5 0 24
6 0 40
7 0 20
8 0 39
9 0 40
10 0 32
11 0 20
12 0 40
13 0 41
14 0 18
15 0 40
16 0 40
17 0 20
18 0 40
19 0 40
20 0 40
21 0 40
22 0 40
23 0 41
24 0 20
25 0 20
26 0 29
27 0 20
28 0 5
29 0 40
30 0 20
31 0 0
32 0 40
33 0 6
34 0 20
35 0 19
36 0 20
37 0 23
38 0 20
39 0 20
40 0 19
41 0 39
42 0 32
43 0 40
44 0 7
45 0 20
46 0 39
47 0 25
48 0 28
49 0 40
50 0 40
51 0 40
52 0 20
53 0 40
54 0 20
55 0 40
56 0 6
57 0 28
58 0 23
59 0 41
60 0 39
61 0 20
62 0 40
63 0 8
64 0 2
65 0 20
66 0 28
67 0 41
68 0 40
69 0 0
70 0 20
71 0 41
72 0 40
73 0 40
74 0 40
75 0 40
76 0 20
77 0 39
78 0 20
79 0 40
80 0 9
81 0 2
82 0 20
83 0 20
84 0 40
85 0 25
86 0 41
87 0 20
88 0 20
89 0 40
90 0 40
91 0 40
92 0 19
93 0 35
94 0 40
95 0 40
96 0 13
97 0 40
98 0 40
99 0 30
100 0 0
101 0 20
102 0 19
103 0 20
104 0 0
105 0 20
106 0 40
107 0 13
108 0 40
109 0 40
110 0 17
111 0 41
112 0 40
113 0 20
114 0 40
115 0 40
116 0 20
117 0 11
118 0 40
119 0 0
120 0 40
121 0 10
122 0 40
123 0 23
124 0 20
125 0 20
126 0 22
127 0 20
128 0 20
129 0 40
130 0 20
131 0 20
132 0 20
133 0 39
134 0 40
135 0 25
136 0 40
137 0 20
138 0 40
139 0 40
140 0 40
141 0 40
142 0 39
143 0 14
144 0 20
145 0 40
146 0 20
147 0 40
148 0 2
149 0 23
150 0 0
151 0 20
152 0 20
153 0 39
154 0 40
155 0 40
156 0 32
157 0 41
158 0 27
159 0 20
160 0 39
161 0 7
162 0 39
163 0 27
164 0 23
165 0 20
166 0 20
167 0 3
168 0 40
169 0 41
170 0 20
171 0 41
172 0 41
173 0 20
174 0 39
175 0 2
176 0 40
177 0 5
178 0 20
179 0 20
180 0 13
181 0 40
182 0 20
183 0 40
184 0 40
185 0 20
186 0 40
187 0 40
188 0 20
189 0 9
190 0 35
191 0 20
192 0 40
193 0 20
194 0 24
195 0 39
196 0 40
197 0 40
198 0 19
199 0 8
200 0 31
201 0 40
202 0 40
203 0 20
204 0 40
205 0 20
206 0 9
207 0 39
208 0 29
209 0 20
210 0 20
211 0 40
212 0 40
213 0 39
214 0 40
215 0 14
216 0 8
217 0 35
218 0 35
219 0 40
220 0 15
221 0 6
222 0 2
223 0 21
224 0 40
225 0 40
226 0 40
227 0 2
228 0 20
229 0 20
230 0 40
231 0 20
232 0 40
233 0 20
234 0 20
235 0 41
236 0 41
237 0 40
238 0 20
239 0 0
240 0 40
241 0 20
242 0 2
243 0 40
244 0 20
245 0 40
246 0 20
247 0 35
248 0 3
249 0 40
250 0 20
251 0 40
252 0 40
253 0 40
254 0 40
255 0 39
256 0 40
257 0 41
258 0 41
259 0 20
260 0 20
261 0 41
262 0 18
263 0 41
264 0 20
265 0 41
266 0 22
267 0 20
268 0 20
269 0 40
270 0 28
271 0 35
272 0 28
273 0 40
274 0 31
275 0 40
276 0 40
277 0 41
278 0 20
279 0 7
280 0 40
281 0 41
282 0 0
283 0 20
284 0 40
285 0 41
286 0 13
287 0 0
288 0 40
289 0 4
290 0 3
291 0 20
292 0 20
293 0 36
294 0 7
295 0 20
296 0 41
297 0 13
298 0 40
299 0 40
300 0 17
301 0 20
302 0 0
303 0 14
304 0 20
305 0 40
306 0 5
307 0 41
308 0 40
309 0 20
310 0 20
311 0 40
312 0 20
313 0 20
314 0 40
315 0 15
316 0 40
317 0 19
318 0 41
319 0 40
320 0 40
321 0 8
322 0 20
323 0 35
324 0 40
325 0 41
326 0 40
327 0 40
328 0 40
329 0 40
330 0 18
331 0 10
332 0 40
333 0 40
334 0 40
335 0 40
336 0 40
337 0 40
338 0 40
339 0 40
340 0 20
341 0 40
342 0 40
343 0 6
344 0 28
345 0 20
346 0 40
347 0 40
348 0 41
349 0 6
350 0 40
351 0 40
352 0 2
353 0 40
354 0 20
355 0 20
356 0 41
357 0 0
358 0 20
359 0 40
360 0 2
361 0 40
362 0 40
363 0 28
364 0 20
365 0 40
366 0 20
367 0 35
368 0 41
369 0 20
370 0 41
371 0 28
372 0 41
373 0 40
374 0 40
375 0 28
376 0 40
377 0 40
378 0 40
379 0 40
380 0 20
381 0 20
382 0 40
383 0 40
384 0 36
385 0 40
386 0 40
387 0 40
388 0 20
389 0 20
390 0 20
391 0 20
392 0 20
393 0 0
394 0 39
395 0 40
396 0 24
397 0 40
398 0 23
399 0 40
400 0 20
401 0 20
402 0 40
403 0 20
404 0 0
405 0 40
406 0 31
407 0 40
408 0 20
409 0 40
410 0 40
411 0 20
412 0 40
413 0 20
414 0 20
415 0 41
416 0 41
417 0 41
418 0 40
419 0 20
420 0 39
421 0 2
422 0 20
423 0 40
424 0 20
425 0 40
426 0 41
427 0 9
428 0 20
429 0 40
430 0 20
431 0 20
432 0 20
433 0 20
434 0 20
435 0 41
436 0 40
437 0 20
438 0 20
439 0 30
440 0 39
441 0 40
442 0 41
443 0 40
444 0 40
445 0 4
446 0 27
447 0 22
448 0 40
449 0 20
450 0 20
451 0 40
452 0 14
453 0 0
454 0 20
455 0 20
456 0 40
457 0 20
458 0 40
459 0 9
460 0 40
461 0 40
462 0 20
463 0 40
464 0 20
465 0 40
466 0 17
467 0 41
468 0 20
469 0 20
470 0 24
471 0 40
472 0 10
473 0 0
474 0 40
475 0 39
476 0 35
477 0 41
478 0 39
479 0 40
480 0 41
481 0 40
482 0 40
483 0 31
484 0 36
485 0 20
486 0 27
487 0 13
488 0 40
489 0 40
490 0 41
491 0 20
492 0 40
493 0 40
494 0 20
495 0 40
496 0 0
497 0 35
498 0 41
499 0 40
500 0 34
501 0 20
502 0 40
503 0 20
504 0 28
505 0 13
506 0 40
507 0 40
508 0 40
509 0 40
510 0 20
511 0 41
512 0 20
513 0 27
514 0 41
515 0 40
516 0 40
517 0 20
518 0 18
519 0 40
520 0 40
521 0 28
522 0 23
523 0 40
524 0 40
525 0 18
526 0 40
527 0 10
528 0 20
529 0 20
530 0 23
531 0 13
532 0 41
533 0 0
534 0 20
535 0 40
536 0 40
537 0 41
538 0 40
539 0 39
540 0 40
541 0 40
542 0 41
543 0 40
544 0 41
545 0 40
546 0 40
547 0 22
548 0 40
549 0 3
550 0 40
551 0 20
552 0 40
553 0 31
554 0 26
555 0 39
556 0 40
557 0 40
558 0 35
559 0 40
560 0 8
561 0 20
562 0 41
563 0 40
564 0 39
565 0 40
566 0 33
567 0 40
568 0 35
569 0 3
570 0 33
571 0 40
572 0 40
573 0 20
574 0 40
575 0 39
576 0 40
577 0 41
578 0 23
579 0 28
580 0 40
581 0 23
582 0 20
583 0 40
584 0 40
585 0 40
586 0 20
587 0 20
588 0 39
589 0 40
590 0 20
591 0 20
592 0 2
593 0 40
594 0 33
595 0 40
596 0 28
597 0 40
598 0 40
599 0 41
600 0 18
601 0 40
602 0 39
603 0 20
604 0 40
605 0 20
606 0 20
607 0 40
608 0 40
609 0 40
610 0 40
611 0 39
612 0 13
613 0 20
614 0 20
615 0 19
616 0 20
617 0 40
618 0 20
619 0 40
620 0 3
621 0 40
622 0 40
623 0 20
624 0 40
625 0 20
626 0 40
627 0 40
628 0 23
629 0 20
630 0 19
631 0 20
632 0 40
633 0 41
634 0 18
635 0 40
636 0 23
637 0 40
638 0 41
639 0 40
640 0 5
641 0 41
642 0 40
643 0 40
644 0 41
645 0 20
646 0 20
647 0 41
648 0 41
649 0 20
650 0 40
651 0 20
652 0 9
653 0 40
654 0 20
655 0 23
656 0 39
657 0 39
658 0 20
659 0 40
660 0 20
661 0 40
662 0 32
663 0 40
664 0 2
665 0 40
666 0 19
667 0 40
668 0 20
669 0 14
670 0 40
671 0 20
672 0 40
673 0 17
674 0 40
675 0 39
676 0 14
677 0 40
678 0 40
679 0 41
680 0 40
681 0 9
682 0 20
683 0 20
684 0 23
685 0 39
686 0 20
687 0 40
688 0 17
689 0 0
690 0 31
691 0 40
692 0 20
693 0 40
694 0 20
695 0 40
696 0 20
697 0 40
698 0 15
699 0 39
700 0 2
701 0 19
702 0 41
703 0 14
704 0 20
705 0 20
706 0 20
707 0 41
708 0 40
709 0 40
710 0 20
711 0 41
712 0 0
713 0 20
714 0 20
715 0 40
716 0 20
717 0 29
718 0 24
719 0 41
720 0 2
721 0 31
722 0 10
723 0 40
724 0 36
725 0 9
726 0 40
727 0 40
728 0 40
729 0 9
730 0 20
731 0 2
732 0 41
733 0 33
734 0 35
735 0 30
736 0 40
737 0 20
738 0 40
739 0 17
740 0 40
741 0 14
742 0 39
743 0 20
744 0 20
745 0 20
746 0 40
747 0 35
748 0 40
749 0 5
750 0 20
751 0 41
752 0 14
753 0 41
754 0 40
755 0 23
756 0 39
757 0 40
758 0 41
759 0 7
760 0 39
761 0 20
762 0 40
763 0 41
764 0 20
765 0 40
766 0 20
767 0 25
768 0 40
769 0 31
770 0 7
771 0 39
772 0 26
773 0 34
774 0 41
775 0 40
776 0 28
777 0 20
778 0 28
779 0 40
780 0 40
781 0 35
782 0 4
783 0 40
784 0 39
785 0 40
786 0 41
787 0 40
788 0 16
789 0 40
790 0 40
791 0 20
792 0 40
793 0 40
794 0 40
795 0 40
796 0 40
797 0 41
798 0 39
799 0 14
800 0 41
801 0 40
802 0 40
803 0 40
804 0 28
805 0 20
806 0 40
807 0 20
808 0 40
809 0 4
810 0 41
811 0 20
812 0 40
813 0 40
814 0 28
815 0 11
816 0 24
817 0 20
818 0 20
819 0 23
820 0 40
821 0 20
822 0 20
823 0 20
824 0 7
825 0 20
826 0 20
827 0 4
828 0 20
829 0 41
830 0 39
831 0 32
832 0 40
833 0 20
834 0 20
835 0 41
836 0 20
837 0 40
838 0 35
839 0 40
840 0 20
841 0 40
842 0 20
843 0 39
844 0 41
845 0 10
846 0 20
847 0 40
848 0 20
849 0 39
850 0 40
851 0 41
852 0 40
853 0 20
854 0 24
855 0 39
856 0 3
857 0 40
858 0 40
859 0 40
860 0 40
861 0 20
862 0 20
863 0 40
864 0 41
865 0 40
866 0 40
867 0 20
868 0 40
869 0 40
870 0 40
871 0 19
872 0 28
873 0 40
874 0 40
